400 25
0 2 0 0
0 2 1 1
0 2 2 2
0 2 3 3
0 0 4 7
1 1 4 7
2 2 4 6
3 5 4 4
3 5 5 5
3 5 6 6
3 5 7 7
5 5 0 3
4 4 0 3
3 3 1 3
3 2 0 7
6 6 0 7
0 2 9 9
0 2 10 10
0 2 11 11
0 2 12 12
0 0 13 16
1 1 13 16
2 2 13 15
3 5 13 13
3 5 14 14
3 5 15 15
3 5 16 16
5 5 9 12
4 4 9 12
3 3 10 12
3 2 9 16
6 6 9 16
0 2 18 18
0 2 19 19
0 2 20 20
0 2 21 21
0 0 22 25
1 1 22 25
2 2 22 24
3 5 22 22
3 5 23 23
3 5 24 24
3 5 25 25
5 5 18 21
4 4 18 21
3 3 19 21
3 2 18 25
6 6 18 25
0 2 27 27
0 2 28 28
0 2 29 29
0 2 30 30
0 0 31 34
1 1 31 34
2 2 31 33
3 5 31 31
3 5 32 32
3 5 33 33
3 5 34 34
5 5 27 30
4 4 27 30
3 3 28 30
3 2 27 34
6 6 27 34
0 2 36 36
0 2 37 37
0 2 38 38
0 2 39 39
0 0 40 43
1 1 40 43
2 2 40 42
3 5 40 40
3 5 41 41
3 5 42 42
3 5 43 43
5 5 36 39
4 4 36 39
3 3 37 39
3 2 36 43
6 6 36 43
9 11 0 0
9 11 1 1
9 11 2 2
9 11 3 3
9 9 4 7
10 10 4 7
11 11 4 6
12 14 4 4
12 14 5 5
12 14 6 6
12 14 7 7
14 14 0 3
13 13 0 3
12 12 1 3
12 11 0 7
15 15 0 7
9 11 9 9
9 11 10 10
9 11 11 11
9 11 12 12
9 9 13 16
10 10 13 16
11 11 13 15
12 14 13 13
12 14 14 14
12 14 15 15
12 14 16 16
14 14 9 12
13 13 9 12
12 12 10 12
12 11 9 16
15 15 9 16
9 11 18 18
9 11 19 19
9 11 20 20
9 11 21 21
9 9 22 25
10 10 22 25
11 11 22 24
12 14 22 22
12 14 23 23
12 14 24 24
12 14 25 25
14 14 18 21
13 13 18 21
12 12 19 21
12 11 18 25
15 15 18 25
9 11 27 27
9 11 28 28
9 11 29 29
9 11 30 30
9 9 31 34
10 10 31 34
11 11 31 33
12 14 31 31
12 14 32 32
12 14 33 33
12 14 34 34
14 14 27 30
13 13 27 30
12 12 28 30
12 11 27 34
15 15 27 34
9 11 36 36
9 11 37 37
9 11 38 38
9 11 39 39
9 9 40 43
10 10 40 43
11 11 40 42
12 14 40 40
12 14 41 41
12 14 42 42
12 14 43 43
14 14 36 39
13 13 36 39
12 12 37 39
12 11 36 43
15 15 36 43
18 20 0 0
18 20 1 1
18 20 2 2
18 20 3 3
18 18 4 7
19 19 4 7
20 20 4 6
21 23 4 4
21 23 5 5
21 23 6 6
21 23 7 7
23 23 0 3
22 22 0 3
21 21 1 3
21 20 0 7
24 24 0 7
18 20 9 9
18 20 10 10
18 20 11 11
18 20 12 12
18 18 13 16
19 19 13 16
20 20 13 15
21 23 13 13
21 23 14 14
21 23 15 15
21 23 16 16
23 23 9 12
22 22 9 12
21 21 10 12
21 20 9 16
24 24 9 16
18 20 18 18
18 20 19 19
18 20 20 20
18 20 21 21
18 18 22 25
19 19 22 25
20 20 22 24
21 23 22 22
21 23 23 23
21 23 24 24
21 23 25 25
23 23 18 21
22 22 18 21
21 21 19 21
21 20 18 25
24 24 18 25
18 20 27 27
18 20 28 28
18 20 29 29
18 20 30 30
18 18 31 34
19 19 31 34
20 20 31 33
21 23 31 31
21 23 32 32
21 23 33 33
21 23 34 34
23 23 27 30
22 22 27 30
21 21 28 30
21 20 27 34
24 24 27 34
18 20 36 36
18 20 37 37
18 20 38 38
18 20 39 39
18 18 40 43
19 19 40 43
20 20 40 42
21 23 40 40
21 23 41 41
21 23 42 42
21 23 43 43
23 23 36 39
22 22 36 39
21 21 37 39
21 20 36 43
24 24 36 43
27 29 0 0
27 29 1 1
27 29 2 2
27 29 3 3
27 27 4 7
28 28 4 7
29 29 4 6
30 32 4 4
30 32 5 5
30 32 6 6
30 32 7 7
32 32 0 3
31 31 0 3
30 30 1 3
30 29 0 7
33 33 0 7
27 29 9 9
27 29 10 10
27 29 11 11
27 29 12 12
27 27 13 16
28 28 13 16
29 29 13 15
30 32 13 13
30 32 14 14
30 32 15 15
30 32 16 16
32 32 9 12
31 31 9 12
30 30 10 12
30 29 9 16
33 33 9 16
27 29 18 18
27 29 19 19
27 29 20 20
27 29 21 21
27 27 22 25
28 28 22 25
29 29 22 24
30 32 22 22
30 32 23 23
30 32 24 24
30 32 25 25
32 32 18 21
31 31 18 21
30 30 19 21
30 29 18 25
33 33 18 25
27 29 27 27
27 29 28 28
27 29 29 29
27 29 30 30
27 27 31 34
28 28 31 34
29 29 31 33
30 32 31 31
30 32 32 32
30 32 33 33
30 32 34 34
32 32 27 30
31 31 27 30
30 30 28 30
30 29 27 34
33 33 27 34
27 29 36 36
27 29 37 37
27 29 38 38
27 29 39 39
27 27 40 43
28 28 40 43
29 29 40 42
30 32 40 40
30 32 41 41
30 32 42 42
30 32 43 43
32 32 36 39
31 31 36 39
30 30 37 39
30 29 36 43
33 33 36 43
36 38 0 0
36 38 1 1
36 38 2 2
36 38 3 3
36 36 4 7
37 37 4 7
38 38 4 6
39 41 4 4
39 41 5 5
39 41 6 6
39 41 7 7
41 41 0 3
40 40 0 3
39 39 1 3
39 38 0 7
42 42 0 7
36 38 9 9
36 38 10 10
36 38 11 11
36 38 12 12
36 36 13 16
37 37 13 16
38 38 13 15
39 41 13 13
39 41 14 14
39 41 15 15
39 41 16 16
41 41 9 12
40 40 9 12
39 39 10 12
39 38 9 16
42 42 9 16
36 38 18 18
36 38 19 19
36 38 20 20
36 38 21 21
36 36 22 25
37 37 22 25
38 38 22 24
39 41 22 22
39 41 23 23
39 41 24 24
39 41 25 25
41 41 18 21
40 40 18 21
39 39 19 21
39 38 18 25
42 42 18 25
36 38 27 27
36 38 28 28
36 38 29 29
36 38 30 30
36 36 31 34
37 37 31 34
38 38 31 33
39 41 31 31
39 41 32 32
39 41 33 33
39 41 34 34
41 41 27 30
40 40 27 30
39 39 28 30
39 38 27 34
42 42 27 34
36 38 36 36
36 38 37 37
36 38 38 38
36 38 39 39
36 36 40 43
37 37 40 43
38 38 40 42
39 41 40 40
39 41 41 41
39 41 42 42
39 41 43 43
41 41 36 39
40 40 36 39
39 39 37 39
39 38 36 43
42 42 36 43
1 4 2 5
1 4 11 14
1 4 20 23
1 4 29 32
1 4 38 41
10 13 2 5
10 13 11 14
10 13 20 23
10 13 29 32
10 13 38 41
19 22 2 5
19 22 11 14
19 22 20 23
19 22 29 32
19 22 38 41
28 31 2 5
28 31 11 14
28 31 20 23
28 31 29 32
28 31 38 41
37 40 2 5
37 40 11 14
37 40 20 23
37 40 29 32
37 40 38 41
