144 9
0 2 0 0
0 2 1 1
0 2 2 2
0 2 3 3
0 0 4 7
1 1 4 7
2 2 4 6
3 5 4 4
3 5 5 5
3 5 6 6
3 5 7 7
5 5 0 3
4 4 0 3
3 3 1 3
3 2 0 7
6 6 0 7
0 2 9 9
0 2 10 10
0 2 11 11
0 2 12 12
0 0 13 16
1 1 13 16
2 2 13 15
3 5 13 13
3 5 14 14
3 5 15 15
3 5 16 16
5 5 9 12
4 4 9 12
3 3 10 12
3 2 9 16
6 6 9 16
0 2 18 18
0 2 19 19
0 2 20 20
0 2 21 21
0 0 22 25
1 1 22 25
2 2 22 24
3 5 22 22
3 5 23 23
3 5 24 24
3 5 25 25
5 5 18 21
4 4 18 21
3 3 19 21
3 2 18 25
6 6 18 25
9 11 0 0
9 11 1 1
9 11 2 2
9 11 3 3
9 9 4 7
10 10 4 7
11 11 4 6
12 14 4 4
12 14 5 5
12 14 6 6
12 14 7 7
14 14 0 3
13 13 0 3
12 12 1 3
12 11 0 7
15 15 0 7
9 11 9 9
9 11 10 10
9 11 11 11
9 11 12 12
9 9 13 16
10 10 13 16
11 11 13 15
12 14 13 13
12 14 14 14
12 14 15 15
12 14 16 16
14 14 9 12
13 13 9 12
12 12 10 12
12 11 9 16
15 15 9 16
9 11 18 18
9 11 19 19
9 11 20 20
9 11 21 21
9 9 22 25
10 10 22 25
11 11 22 24
12 14 22 22
12 14 23 23
12 14 24 24
12 14 25 25
14 14 18 21
13 13 18 21
12 12 19 21
12 11 18 25
15 15 18 25
18 20 0 0
18 20 1 1
18 20 2 2
18 20 3 3
18 18 4 7
19 19 4 7
20 20 4 6
21 23 4 4
21 23 5 5
21 23 6 6
21 23 7 7
23 23 0 3
22 22 0 3
21 21 1 3
21 20 0 7
24 24 0 7
18 20 9 9
18 20 10 10
18 20 11 11
18 20 12 12
18 18 13 16
19 19 13 16
20 20 13 15
21 23 13 13
21 23 14 14
21 23 15 15
21 23 16 16
23 23 9 12
22 22 9 12
21 21 10 12
21 20 9 16
24 24 9 16
18 20 18 18
18 20 19 19
18 20 20 20
18 20 21 21
18 18 22 25
19 19 22 25
20 20 22 24
21 23 22 22
21 23 23 23
21 23 24 24
21 23 25 25
23 23 18 21
22 22 18 21
21 21 19 21
21 20 18 25
24 24 18 25
1 4 2 5
1 4 11 14
1 4 20 23
10 13 2 5
10 13 11 14
10 13 20 23
19 22 2 5
19 22 11 14
19 22 20 23
