1600 100
0 2 0 0
0 2 1 1
0 2 2 2
0 2 3 3
0 0 4 7
1 1 4 7
2 2 4 6
3 5 4 4
3 5 5 5
3 5 6 6
3 5 7 7
5 5 0 3
4 4 0 3
3 3 1 3
3 2 0 7
6 6 0 7
0 2 9 9
0 2 10 10
0 2 11 11
0 2 12 12
0 0 13 16
1 1 13 16
2 2 13 15
3 5 13 13
3 5 14 14
3 5 15 15
3 5 16 16
5 5 9 12
4 4 9 12
3 3 10 12
3 2 9 16
6 6 9 16
0 2 18 18
0 2 19 19
0 2 20 20
0 2 21 21
0 0 22 25
1 1 22 25
2 2 22 24
3 5 22 22
3 5 23 23
3 5 24 24
3 5 25 25
5 5 18 21
4 4 18 21
3 3 19 21
3 2 18 25
6 6 18 25
0 2 27 27
0 2 28 28
0 2 29 29
0 2 30 30
0 0 31 34
1 1 31 34
2 2 31 33
3 5 31 31
3 5 32 32
3 5 33 33
3 5 34 34
5 5 27 30
4 4 27 30
3 3 28 30
3 2 27 34
6 6 27 34
0 2 36 36
0 2 37 37
0 2 38 38
0 2 39 39
0 0 40 43
1 1 40 43
2 2 40 42
3 5 40 40
3 5 41 41
3 5 42 42
3 5 43 43
5 5 36 39
4 4 36 39
3 3 37 39
3 2 36 43
6 6 36 43
0 2 45 45
0 2 46 46
0 2 47 47
0 2 48 48
0 0 49 52
1 1 49 52
2 2 49 51
3 5 49 49
3 5 50 50
3 5 51 51
3 5 52 52
5 5 45 48
4 4 45 48
3 3 46 48
3 2 45 52
6 6 45 52
0 2 54 54
0 2 55 55
0 2 56 56
0 2 57 57
0 0 58 61
1 1 58 61
2 2 58 60
3 5 58 58
3 5 59 59
3 5 60 60
3 5 61 61
5 5 54 57
4 4 54 57
3 3 55 57
3 2 54 61
6 6 54 61
0 2 63 63
0 2 64 64
0 2 65 65
0 2 66 66
0 0 67 70
1 1 67 70
2 2 67 69
3 5 67 67
3 5 68 68
3 5 69 69
3 5 70 70
5 5 63 66
4 4 63 66
3 3 64 66
3 2 63 70
6 6 63 70
0 2 72 72
0 2 73 73
0 2 74 74
0 2 75 75
0 0 76 79
1 1 76 79
2 2 76 78
3 5 76 76
3 5 77 77
3 5 78 78
3 5 79 79
5 5 72 75
4 4 72 75
3 3 73 75
3 2 72 79
6 6 72 79
0 2 81 81
0 2 82 82
0 2 83 83
0 2 84 84
0 0 85 88
1 1 85 88
2 2 85 87
3 5 85 85
3 5 86 86
3 5 87 87
3 5 88 88
5 5 81 84
4 4 81 84
3 3 82 84
3 2 81 88
6 6 81 88
9 11 0 0
9 11 1 1
9 11 2 2
9 11 3 3
9 9 4 7
10 10 4 7
11 11 4 6
12 14 4 4
12 14 5 5
12 14 6 6
12 14 7 7
14 14 0 3
13 13 0 3
12 12 1 3
12 11 0 7
15 15 0 7
9 11 9 9
9 11 10 10
9 11 11 11
9 11 12 12
9 9 13 16
10 10 13 16
11 11 13 15
12 14 13 13
12 14 14 14
12 14 15 15
12 14 16 16
14 14 9 12
13 13 9 12
12 12 10 12
12 11 9 16
15 15 9 16
9 11 18 18
9 11 19 19
9 11 20 20
9 11 21 21
9 9 22 25
10 10 22 25
11 11 22 24
12 14 22 22
12 14 23 23
12 14 24 24
12 14 25 25
14 14 18 21
13 13 18 21
12 12 19 21
12 11 18 25
15 15 18 25
9 11 27 27
9 11 28 28
9 11 29 29
9 11 30 30
9 9 31 34
10 10 31 34
11 11 31 33
12 14 31 31
12 14 32 32
12 14 33 33
12 14 34 34
14 14 27 30
13 13 27 30
12 12 28 30
12 11 27 34
15 15 27 34
9 11 36 36
9 11 37 37
9 11 38 38
9 11 39 39
9 9 40 43
10 10 40 43
11 11 40 42
12 14 40 40
12 14 41 41
12 14 42 42
12 14 43 43
14 14 36 39
13 13 36 39
12 12 37 39
12 11 36 43
15 15 36 43
9 11 45 45
9 11 46 46
9 11 47 47
9 11 48 48
9 9 49 52
10 10 49 52
11 11 49 51
12 14 49 49
12 14 50 50
12 14 51 51
12 14 52 52
14 14 45 48
13 13 45 48
12 12 46 48
12 11 45 52
15 15 45 52
9 11 54 54
9 11 55 55
9 11 56 56
9 11 57 57
9 9 58 61
10 10 58 61
11 11 58 60
12 14 58 58
12 14 59 59
12 14 60 60
12 14 61 61
14 14 54 57
13 13 54 57
12 12 55 57
12 11 54 61
15 15 54 61
9 11 63 63
9 11 64 64
9 11 65 65
9 11 66 66
9 9 67 70
10 10 67 70
11 11 67 69
12 14 67 67
12 14 68 68
12 14 69 69
12 14 70 70
14 14 63 66
13 13 63 66
12 12 64 66
12 11 63 70
15 15 63 70
9 11 72 72
9 11 73 73
9 11 74 74
9 11 75 75
9 9 76 79
10 10 76 79
11 11 76 78
12 14 76 76
12 14 77 77
12 14 78 78
12 14 79 79
14 14 72 75
13 13 72 75
12 12 73 75
12 11 72 79
15 15 72 79
9 11 81 81
9 11 82 82
9 11 83 83
9 11 84 84
9 9 85 88
10 10 85 88
11 11 85 87
12 14 85 85
12 14 86 86
12 14 87 87
12 14 88 88
14 14 81 84
13 13 81 84
12 12 82 84
12 11 81 88
15 15 81 88
18 20 0 0
18 20 1 1
18 20 2 2
18 20 3 3
18 18 4 7
19 19 4 7
20 20 4 6
21 23 4 4
21 23 5 5
21 23 6 6
21 23 7 7
23 23 0 3
22 22 0 3
21 21 1 3
21 20 0 7
24 24 0 7
18 20 9 9
18 20 10 10
18 20 11 11
18 20 12 12
18 18 13 16
19 19 13 16
20 20 13 15
21 23 13 13
21 23 14 14
21 23 15 15
21 23 16 16
23 23 9 12
22 22 9 12
21 21 10 12
21 20 9 16
24 24 9 16
18 20 18 18
18 20 19 19
18 20 20 20
18 20 21 21
18 18 22 25
19 19 22 25
20 20 22 24
21 23 22 22
21 23 23 23
21 23 24 24
21 23 25 25
23 23 18 21
22 22 18 21
21 21 19 21
21 20 18 25
24 24 18 25
18 20 27 27
18 20 28 28
18 20 29 29
18 20 30 30
18 18 31 34
19 19 31 34
20 20 31 33
21 23 31 31
21 23 32 32
21 23 33 33
21 23 34 34
23 23 27 30
22 22 27 30
21 21 28 30
21 20 27 34
24 24 27 34
18 20 36 36
18 20 37 37
18 20 38 38
18 20 39 39
18 18 40 43
19 19 40 43
20 20 40 42
21 23 40 40
21 23 41 41
21 23 42 42
21 23 43 43
23 23 36 39
22 22 36 39
21 21 37 39
21 20 36 43
24 24 36 43
18 20 45 45
18 20 46 46
18 20 47 47
18 20 48 48
18 18 49 52
19 19 49 52
20 20 49 51
21 23 49 49
21 23 50 50
21 23 51 51
21 23 52 52
23 23 45 48
22 22 45 48
21 21 46 48
21 20 45 52
24 24 45 52
18 20 54 54
18 20 55 55
18 20 56 56
18 20 57 57
18 18 58 61
19 19 58 61
20 20 58 60
21 23 58 58
21 23 59 59
21 23 60 60
21 23 61 61
23 23 54 57
22 22 54 57
21 21 55 57
21 20 54 61
24 24 54 61
18 20 63 63
18 20 64 64
18 20 65 65
18 20 66 66
18 18 67 70
19 19 67 70
20 20 67 69
21 23 67 67
21 23 68 68
21 23 69 69
21 23 70 70
23 23 63 66
22 22 63 66
21 21 64 66
21 20 63 70
24 24 63 70
18 20 72 72
18 20 73 73
18 20 74 74
18 20 75 75
18 18 76 79
19 19 76 79
20 20 76 78
21 23 76 76
21 23 77 77
21 23 78 78
21 23 79 79
23 23 72 75
22 22 72 75
21 21 73 75
21 20 72 79
24 24 72 79
18 20 81 81
18 20 82 82
18 20 83 83
18 20 84 84
18 18 85 88
19 19 85 88
20 20 85 87
21 23 85 85
21 23 86 86
21 23 87 87
21 23 88 88
23 23 81 84
22 22 81 84
21 21 82 84
21 20 81 88
24 24 81 88
27 29 0 0
27 29 1 1
27 29 2 2
27 29 3 3
27 27 4 7
28 28 4 7
29 29 4 6
30 32 4 4
30 32 5 5
30 32 6 6
30 32 7 7
32 32 0 3
31 31 0 3
30 30 1 3
30 29 0 7
33 33 0 7
27 29 9 9
27 29 10 10
27 29 11 11
27 29 12 12
27 27 13 16
28 28 13 16
29 29 13 15
30 32 13 13
30 32 14 14
30 32 15 15
30 32 16 16
32 32 9 12
31 31 9 12
30 30 10 12
30 29 9 16
33 33 9 16
27 29 18 18
27 29 19 19
27 29 20 20
27 29 21 21
27 27 22 25
28 28 22 25
29 29 22 24
30 32 22 22
30 32 23 23
30 32 24 24
30 32 25 25
32 32 18 21
31 31 18 21
30 30 19 21
30 29 18 25
33 33 18 25
27 29 27 27
27 29 28 28
27 29 29 29
27 29 30 30
27 27 31 34
28 28 31 34
29 29 31 33
30 32 31 31
30 32 32 32
30 32 33 33
30 32 34 34
32 32 27 30
31 31 27 30
30 30 28 30
30 29 27 34
33 33 27 34
27 29 36 36
27 29 37 37
27 29 38 38
27 29 39 39
27 27 40 43
28 28 40 43
29 29 40 42
30 32 40 40
30 32 41 41
30 32 42 42
30 32 43 43
32 32 36 39
31 31 36 39
30 30 37 39
30 29 36 43
33 33 36 43
27 29 45 45
27 29 46 46
27 29 47 47
27 29 48 48
27 27 49 52
28 28 49 52
29 29 49 51
30 32 49 49
30 32 50 50
30 32 51 51
30 32 52 52
32 32 45 48
31 31 45 48
30 30 46 48
30 29 45 52
33 33 45 52
27 29 54 54
27 29 55 55
27 29 56 56
27 29 57 57
27 27 58 61
28 28 58 61
29 29 58 60
30 32 58 58
30 32 59 59
30 32 60 60
30 32 61 61
32 32 54 57
31 31 54 57
30 30 55 57
30 29 54 61
33 33 54 61
27 29 63 63
27 29 64 64
27 29 65 65
27 29 66 66
27 27 67 70
28 28 67 70
29 29 67 69
30 32 67 67
30 32 68 68
30 32 69 69
30 32 70 70
32 32 63 66
31 31 63 66
30 30 64 66
30 29 63 70
33 33 63 70
27 29 72 72
27 29 73 73
27 29 74 74
27 29 75 75
27 27 76 79
28 28 76 79
29 29 76 78
30 32 76 76
30 32 77 77
30 32 78 78
30 32 79 79
32 32 72 75
31 31 72 75
30 30 73 75
30 29 72 79
33 33 72 79
27 29 81 81
27 29 82 82
27 29 83 83
27 29 84 84
27 27 85 88
28 28 85 88
29 29 85 87
30 32 85 85
30 32 86 86
30 32 87 87
30 32 88 88
32 32 81 84
31 31 81 84
30 30 82 84
30 29 81 88
33 33 81 88
36 38 0 0
36 38 1 1
36 38 2 2
36 38 3 3
36 36 4 7
37 37 4 7
38 38 4 6
39 41 4 4
39 41 5 5
39 41 6 6
39 41 7 7
41 41 0 3
40 40 0 3
39 39 1 3
39 38 0 7
42 42 0 7
36 38 9 9
36 38 10 10
36 38 11 11
36 38 12 12
36 36 13 16
37 37 13 16
38 38 13 15
39 41 13 13
39 41 14 14
39 41 15 15
39 41 16 16
41 41 9 12
40 40 9 12
39 39 10 12
39 38 9 16
42 42 9 16
36 38 18 18
36 38 19 19
36 38 20 20
36 38 21 21
36 36 22 25
37 37 22 25
38 38 22 24
39 41 22 22
39 41 23 23
39 41 24 24
39 41 25 25
41 41 18 21
40 40 18 21
39 39 19 21
39 38 18 25
42 42 18 25
36 38 27 27
36 38 28 28
36 38 29 29
36 38 30 30
36 36 31 34
37 37 31 34
38 38 31 33
39 41 31 31
39 41 32 32
39 41 33 33
39 41 34 34
41 41 27 30
40 40 27 30
39 39 28 30
39 38 27 34
42 42 27 34
36 38 36 36
36 38 37 37
36 38 38 38
36 38 39 39
36 36 40 43
37 37 40 43
38 38 40 42
39 41 40 40
39 41 41 41
39 41 42 42
39 41 43 43
41 41 36 39
40 40 36 39
39 39 37 39
39 38 36 43
42 42 36 43
36 38 45 45
36 38 46 46
36 38 47 47
36 38 48 48
36 36 49 52
37 37 49 52
38 38 49 51
39 41 49 49
39 41 50 50
39 41 51 51
39 41 52 52
41 41 45 48
40 40 45 48
39 39 46 48
39 38 45 52
42 42 45 52
36 38 54 54
36 38 55 55
36 38 56 56
36 38 57 57
36 36 58 61
37 37 58 61
38 38 58 60
39 41 58 58
39 41 59 59
39 41 60 60
39 41 61 61
41 41 54 57
40 40 54 57
39 39 55 57
39 38 54 61
42 42 54 61
36 38 63 63
36 38 64 64
36 38 65 65
36 38 66 66
36 36 67 70
37 37 67 70
38 38 67 69
39 41 67 67
39 41 68 68
39 41 69 69
39 41 70 70
41 41 63 66
40 40 63 66
39 39 64 66
39 38 63 70
42 42 63 70
36 38 72 72
36 38 73 73
36 38 74 74
36 38 75 75
36 36 76 79
37 37 76 79
38 38 76 78
39 41 76 76
39 41 77 77
39 41 78 78
39 41 79 79
41 41 72 75
40 40 72 75
39 39 73 75
39 38 72 79
42 42 72 79
36 38 81 81
36 38 82 82
36 38 83 83
36 38 84 84
36 36 85 88
37 37 85 88
38 38 85 87
39 41 85 85
39 41 86 86
39 41 87 87
39 41 88 88
41 41 81 84
40 40 81 84
39 39 82 84
39 38 81 88
42 42 81 88
45 47 0 0
45 47 1 1
45 47 2 2
45 47 3 3
45 45 4 7
46 46 4 7
47 47 4 6
48 50 4 4
48 50 5 5
48 50 6 6
48 50 7 7
50 50 0 3
49 49 0 3
48 48 1 3
48 47 0 7
51 51 0 7
45 47 9 9
45 47 10 10
45 47 11 11
45 47 12 12
45 45 13 16
46 46 13 16
47 47 13 15
48 50 13 13
48 50 14 14
48 50 15 15
48 50 16 16
50 50 9 12
49 49 9 12
48 48 10 12
48 47 9 16
51 51 9 16
45 47 18 18
45 47 19 19
45 47 20 20
45 47 21 21
45 45 22 25
46 46 22 25
47 47 22 24
48 50 22 22
48 50 23 23
48 50 24 24
48 50 25 25
50 50 18 21
49 49 18 21
48 48 19 21
48 47 18 25
51 51 18 25
45 47 27 27
45 47 28 28
45 47 29 29
45 47 30 30
45 45 31 34
46 46 31 34
47 47 31 33
48 50 31 31
48 50 32 32
48 50 33 33
48 50 34 34
50 50 27 30
49 49 27 30
48 48 28 30
48 47 27 34
51 51 27 34
45 47 36 36
45 47 37 37
45 47 38 38
45 47 39 39
45 45 40 43
46 46 40 43
47 47 40 42
48 50 40 40
48 50 41 41
48 50 42 42
48 50 43 43
50 50 36 39
49 49 36 39
48 48 37 39
48 47 36 43
51 51 36 43
45 47 45 45
45 47 46 46
45 47 47 47
45 47 48 48
45 45 49 52
46 46 49 52
47 47 49 51
48 50 49 49
48 50 50 50
48 50 51 51
48 50 52 52
50 50 45 48
49 49 45 48
48 48 46 48
48 47 45 52
51 51 45 52
45 47 54 54
45 47 55 55
45 47 56 56
45 47 57 57
45 45 58 61
46 46 58 61
47 47 58 60
48 50 58 58
48 50 59 59
48 50 60 60
48 50 61 61
50 50 54 57
49 49 54 57
48 48 55 57
48 47 54 61
51 51 54 61
45 47 63 63
45 47 64 64
45 47 65 65
45 47 66 66
45 45 67 70
46 46 67 70
47 47 67 69
48 50 67 67
48 50 68 68
48 50 69 69
48 50 70 70
50 50 63 66
49 49 63 66
48 48 64 66
48 47 63 70
51 51 63 70
45 47 72 72
45 47 73 73
45 47 74 74
45 47 75 75
45 45 76 79
46 46 76 79
47 47 76 78
48 50 76 76
48 50 77 77
48 50 78 78
48 50 79 79
50 50 72 75
49 49 72 75
48 48 73 75
48 47 72 79
51 51 72 79
45 47 81 81
45 47 82 82
45 47 83 83
45 47 84 84
45 45 85 88
46 46 85 88
47 47 85 87
48 50 85 85
48 50 86 86
48 50 87 87
48 50 88 88
50 50 81 84
49 49 81 84
48 48 82 84
48 47 81 88
51 51 81 88
54 56 0 0
54 56 1 1
54 56 2 2
54 56 3 3
54 54 4 7
55 55 4 7
56 56 4 6
57 59 4 4
57 59 5 5
57 59 6 6
57 59 7 7
59 59 0 3
58 58 0 3
57 57 1 3
57 56 0 7
60 60 0 7
54 56 9 9
54 56 10 10
54 56 11 11
54 56 12 12
54 54 13 16
55 55 13 16
56 56 13 15
57 59 13 13
57 59 14 14
57 59 15 15
57 59 16 16
59 59 9 12
58 58 9 12
57 57 10 12
57 56 9 16
60 60 9 16
54 56 18 18
54 56 19 19
54 56 20 20
54 56 21 21
54 54 22 25
55 55 22 25
56 56 22 24
57 59 22 22
57 59 23 23
57 59 24 24
57 59 25 25
59 59 18 21
58 58 18 21
57 57 19 21
57 56 18 25
60 60 18 25
54 56 27 27
54 56 28 28
54 56 29 29
54 56 30 30
54 54 31 34
55 55 31 34
56 56 31 33
57 59 31 31
57 59 32 32
57 59 33 33
57 59 34 34
59 59 27 30
58 58 27 30
57 57 28 30
57 56 27 34
60 60 27 34
54 56 36 36
54 56 37 37
54 56 38 38
54 56 39 39
54 54 40 43
55 55 40 43
56 56 40 42
57 59 40 40
57 59 41 41
57 59 42 42
57 59 43 43
59 59 36 39
58 58 36 39
57 57 37 39
57 56 36 43
60 60 36 43
54 56 45 45
54 56 46 46
54 56 47 47
54 56 48 48
54 54 49 52
55 55 49 52
56 56 49 51
57 59 49 49
57 59 50 50
57 59 51 51
57 59 52 52
59 59 45 48
58 58 45 48
57 57 46 48
57 56 45 52
60 60 45 52
54 56 54 54
54 56 55 55
54 56 56 56
54 56 57 57
54 54 58 61
55 55 58 61
56 56 58 60
57 59 58 58
57 59 59 59
57 59 60 60
57 59 61 61
59 59 54 57
58 58 54 57
57 57 55 57
57 56 54 61
60 60 54 61
54 56 63 63
54 56 64 64
54 56 65 65
54 56 66 66
54 54 67 70
55 55 67 70
56 56 67 69
57 59 67 67
57 59 68 68
57 59 69 69
57 59 70 70
59 59 63 66
58 58 63 66
57 57 64 66
57 56 63 70
60 60 63 70
54 56 72 72
54 56 73 73
54 56 74 74
54 56 75 75
54 54 76 79
55 55 76 79
56 56 76 78
57 59 76 76
57 59 77 77
57 59 78 78
57 59 79 79
59 59 72 75
58 58 72 75
57 57 73 75
57 56 72 79
60 60 72 79
54 56 81 81
54 56 82 82
54 56 83 83
54 56 84 84
54 54 85 88
55 55 85 88
56 56 85 87
57 59 85 85
57 59 86 86
57 59 87 87
57 59 88 88
59 59 81 84
58 58 81 84
57 57 82 84
57 56 81 88
60 60 81 88
63 65 0 0
63 65 1 1
63 65 2 2
63 65 3 3
63 63 4 7
64 64 4 7
65 65 4 6
66 68 4 4
66 68 5 5
66 68 6 6
66 68 7 7
68 68 0 3
67 67 0 3
66 66 1 3
66 65 0 7
69 69 0 7
63 65 9 9
63 65 10 10
63 65 11 11
63 65 12 12
63 63 13 16
64 64 13 16
65 65 13 15
66 68 13 13
66 68 14 14
66 68 15 15
66 68 16 16
68 68 9 12
67 67 9 12
66 66 10 12
66 65 9 16
69 69 9 16
63 65 18 18
63 65 19 19
63 65 20 20
63 65 21 21
63 63 22 25
64 64 22 25
65 65 22 24
66 68 22 22
66 68 23 23
66 68 24 24
66 68 25 25
68 68 18 21
67 67 18 21
66 66 19 21
66 65 18 25
69 69 18 25
63 65 27 27
63 65 28 28
63 65 29 29
63 65 30 30
63 63 31 34
64 64 31 34
65 65 31 33
66 68 31 31
66 68 32 32
66 68 33 33
66 68 34 34
68 68 27 30
67 67 27 30
66 66 28 30
66 65 27 34
69 69 27 34
63 65 36 36
63 65 37 37
63 65 38 38
63 65 39 39
63 63 40 43
64 64 40 43
65 65 40 42
66 68 40 40
66 68 41 41
66 68 42 42
66 68 43 43
68 68 36 39
67 67 36 39
66 66 37 39
66 65 36 43
69 69 36 43
63 65 45 45
63 65 46 46
63 65 47 47
63 65 48 48
63 63 49 52
64 64 49 52
65 65 49 51
66 68 49 49
66 68 50 50
66 68 51 51
66 68 52 52
68 68 45 48
67 67 45 48
66 66 46 48
66 65 45 52
69 69 45 52
63 65 54 54
63 65 55 55
63 65 56 56
63 65 57 57
63 63 58 61
64 64 58 61
65 65 58 60
66 68 58 58
66 68 59 59
66 68 60 60
66 68 61 61
68 68 54 57
67 67 54 57
66 66 55 57
66 65 54 61
69 69 54 61
63 65 63 63
63 65 64 64
63 65 65 65
63 65 66 66
63 63 67 70
64 64 67 70
65 65 67 69
66 68 67 67
66 68 68 68
66 68 69 69
66 68 70 70
68 68 63 66
67 67 63 66
66 66 64 66
66 65 63 70
69 69 63 70
63 65 72 72
63 65 73 73
63 65 74 74
63 65 75 75
63 63 76 79
64 64 76 79
65 65 76 78
66 68 76 76
66 68 77 77
66 68 78 78
66 68 79 79
68 68 72 75
67 67 72 75
66 66 73 75
66 65 72 79
69 69 72 79
63 65 81 81
63 65 82 82
63 65 83 83
63 65 84 84
63 63 85 88
64 64 85 88
65 65 85 87
66 68 85 85
66 68 86 86
66 68 87 87
66 68 88 88
68 68 81 84
67 67 81 84
66 66 82 84
66 65 81 88
69 69 81 88
72 74 0 0
72 74 1 1
72 74 2 2
72 74 3 3
72 72 4 7
73 73 4 7
74 74 4 6
75 77 4 4
75 77 5 5
75 77 6 6
75 77 7 7
77 77 0 3
76 76 0 3
75 75 1 3
75 74 0 7
78 78 0 7
72 74 9 9
72 74 10 10
72 74 11 11
72 74 12 12
72 72 13 16
73 73 13 16
74 74 13 15
75 77 13 13
75 77 14 14
75 77 15 15
75 77 16 16
77 77 9 12
76 76 9 12
75 75 10 12
75 74 9 16
78 78 9 16
72 74 18 18
72 74 19 19
72 74 20 20
72 74 21 21
72 72 22 25
73 73 22 25
74 74 22 24
75 77 22 22
75 77 23 23
75 77 24 24
75 77 25 25
77 77 18 21
76 76 18 21
75 75 19 21
75 74 18 25
78 78 18 25
72 74 27 27
72 74 28 28
72 74 29 29
72 74 30 30
72 72 31 34
73 73 31 34
74 74 31 33
75 77 31 31
75 77 32 32
75 77 33 33
75 77 34 34
77 77 27 30
76 76 27 30
75 75 28 30
75 74 27 34
78 78 27 34
72 74 36 36
72 74 37 37
72 74 38 38
72 74 39 39
72 72 40 43
73 73 40 43
74 74 40 42
75 77 40 40
75 77 41 41
75 77 42 42
75 77 43 43
77 77 36 39
76 76 36 39
75 75 37 39
75 74 36 43
78 78 36 43
72 74 45 45
72 74 46 46
72 74 47 47
72 74 48 48
72 72 49 52
73 73 49 52
74 74 49 51
75 77 49 49
75 77 50 50
75 77 51 51
75 77 52 52
77 77 45 48
76 76 45 48
75 75 46 48
75 74 45 52
78 78 45 52
72 74 54 54
72 74 55 55
72 74 56 56
72 74 57 57
72 72 58 61
73 73 58 61
74 74 58 60
75 77 58 58
75 77 59 59
75 77 60 60
75 77 61 61
77 77 54 57
76 76 54 57
75 75 55 57
75 74 54 61
78 78 54 61
72 74 63 63
72 74 64 64
72 74 65 65
72 74 66 66
72 72 67 70
73 73 67 70
74 74 67 69
75 77 67 67
75 77 68 68
75 77 69 69
75 77 70 70
77 77 63 66
76 76 63 66
75 75 64 66
75 74 63 70
78 78 63 70
72 74 72 72
72 74 73 73
72 74 74 74
72 74 75 75
72 72 76 79
73 73 76 79
74 74 76 78
75 77 76 76
75 77 77 77
75 77 78 78
75 77 79 79
77 77 72 75
76 76 72 75
75 75 73 75
75 74 72 79
78 78 72 79
72 74 81 81
72 74 82 82
72 74 83 83
72 74 84 84
72 72 85 88
73 73 85 88
74 74 85 87
75 77 85 85
75 77 86 86
75 77 87 87
75 77 88 88
77 77 81 84
76 76 81 84
75 75 82 84
75 74 81 88
78 78 81 88
81 83 0 0
81 83 1 1
81 83 2 2
81 83 3 3
81 81 4 7
82 82 4 7
83 83 4 6
84 86 4 4
84 86 5 5
84 86 6 6
84 86 7 7
86 86 0 3
85 85 0 3
84 84 1 3
84 83 0 7
87 87 0 7
81 83 9 9
81 83 10 10
81 83 11 11
81 83 12 12
81 81 13 16
82 82 13 16
83 83 13 15
84 86 13 13
84 86 14 14
84 86 15 15
84 86 16 16
86 86 9 12
85 85 9 12
84 84 10 12
84 83 9 16
87 87 9 16
81 83 18 18
81 83 19 19
81 83 20 20
81 83 21 21
81 81 22 25
82 82 22 25
83 83 22 24
84 86 22 22
84 86 23 23
84 86 24 24
84 86 25 25
86 86 18 21
85 85 18 21
84 84 19 21
84 83 18 25
87 87 18 25
81 83 27 27
81 83 28 28
81 83 29 29
81 83 30 30
81 81 31 34
82 82 31 34
83 83 31 33
84 86 31 31
84 86 32 32
84 86 33 33
84 86 34 34
86 86 27 30
85 85 27 30
84 84 28 30
84 83 27 34
87 87 27 34
81 83 36 36
81 83 37 37
81 83 38 38
81 83 39 39
81 81 40 43
82 82 40 43
83 83 40 42
84 86 40 40
84 86 41 41
84 86 42 42
84 86 43 43
86 86 36 39
85 85 36 39
84 84 37 39
84 83 36 43
87 87 36 43
81 83 45 45
81 83 46 46
81 83 47 47
81 83 48 48
81 81 49 52
82 82 49 52
83 83 49 51
84 86 49 49
84 86 50 50
84 86 51 51
84 86 52 52
86 86 45 48
85 85 45 48
84 84 46 48
84 83 45 52
87 87 45 52
81 83 54 54
81 83 55 55
81 83 56 56
81 83 57 57
81 81 58 61
82 82 58 61
83 83 58 60
84 86 58 58
84 86 59 59
84 86 60 60
84 86 61 61
86 86 54 57
85 85 54 57
84 84 55 57
84 83 54 61
87 87 54 61
81 83 63 63
81 83 64 64
81 83 65 65
81 83 66 66
81 81 67 70
82 82 67 70
83 83 67 69
84 86 67 67
84 86 68 68
84 86 69 69
84 86 70 70
86 86 63 66
85 85 63 66
84 84 64 66
84 83 63 70
87 87 63 70
81 83 72 72
81 83 73 73
81 83 74 74
81 83 75 75
81 81 76 79
82 82 76 79
83 83 76 78
84 86 76 76
84 86 77 77
84 86 78 78
84 86 79 79
86 86 72 75
85 85 72 75
84 84 73 75
84 83 72 79
87 87 72 79
81 83 81 81
81 83 82 82
81 83 83 83
81 83 84 84
81 81 85 88
82 82 85 88
83 83 85 87
84 86 85 85
84 86 86 86
84 86 87 87
84 86 88 88
86 86 81 84
85 85 81 84
84 84 82 84
84 83 81 88
87 87 81 88
1 4 2 5
1 4 11 14
1 4 20 23
1 4 29 32
1 4 38 41
1 4 47 50
1 4 56 59
1 4 65 68
1 4 74 77
1 4 83 86
10 13 2 5
10 13 11 14
10 13 20 23
10 13 29 32
10 13 38 41
10 13 47 50
10 13 56 59
10 13 65 68
10 13 74 77
10 13 83 86
19 22 2 5
19 22 11 14
19 22 20 23
19 22 29 32
19 22 38 41
19 22 47 50
19 22 56 59
19 22 65 68
19 22 74 77
19 22 83 86
28 31 2 5
28 31 11 14
28 31 20 23
28 31 29 32
28 31 38 41
28 31 47 50
28 31 56 59
28 31 65 68
28 31 74 77
28 31 83 86
37 40 2 5
37 40 11 14
37 40 20 23
37 40 29 32
37 40 38 41
37 40 47 50
37 40 56 59
37 40 65 68
37 40 74 77
37 40 83 86
46 49 2 5
46 49 11 14
46 49 20 23
46 49 29 32
46 49 38 41
46 49 47 50
46 49 56 59
46 49 65 68
46 49 74 77
46 49 83 86
55 58 2 5
55 58 11 14
55 58 20 23
55 58 29 32
55 58 38 41
55 58 47 50
55 58 56 59
55 58 65 68
55 58 74 77
55 58 83 86
64 67 2 5
64 67 11 14
64 67 20 23
64 67 29 32
64 67 38 41
64 67 47 50
64 67 56 59
64 67 65 68
64 67 74 77
64 67 83 86
73 76 2 5
73 76 11 14
73 76 20 23
73 76 29 32
73 76 38 41
73 76 47 50
73 76 56 59
73 76 65 68
73 76 74 77
73 76 83 86
82 85 2 5
82 85 11 14
82 85 20 23
82 85 29 32
82 85 38 41
82 85 47 50
82 85 56 59
82 85 65 68
82 85 74 77
82 85 83 86
