64 4
0 2 0 0
0 2 1 1
0 2 2 2
0 2 3 3
0 0 4 7
1 1 4 7
2 2 4 6
3 5 4 4
3 5 5 5
3 5 6 6
3 5 7 7
5 5 0 3
4 4 0 3
3 3 1 3
3 2 0 7
6 6 0 7
0 2 9 9
0 2 10 10
0 2 11 11
0 2 12 12
0 0 13 16
1 1 13 16
2 2 13 15
3 5 13 13
3 5 14 14
3 5 15 15
3 5 16 16
5 5 9 12
4 4 9 12
3 3 10 12
3 2 9 16
6 6 9 16
9 11 0 0
9 11 1 1
9 11 2 2
9 11 3 3
9 9 4 7
10 10 4 7
11 11 4 6
12 14 4 4
12 14 5 5
12 14 6 6
12 14 7 7
14 14 0 3
13 13 0 3
12 12 1 3
12 11 0 7
15 15 0 7
9 11 9 9
9 11 10 10
9 11 11 11
9 11 12 12
9 9 13 16
10 10 13 16
11 11 13 15
12 14 13 13
12 14 14 14
12 14 15 15
12 14 16 16
14 14 9 12
13 13 9 12
12 12 10 12
12 11 9 16
15 15 9 16
1 4 2 5
1 4 11 14
10 13 2 5
10 13 11 14
